time,x,y,z,phi,theta,psi,x_velocity,y_velocity,z_velocity,phi_velocity,theta_velocity,psi_velocity,rotor_speed1,rotor_speed2,rotor_speed3,rotor_speed4
0.06,-9.972508358403158e-07,-3.950710530103953e-08,10.003437846374686,6.283129241194354,0.0007182410639918757,0.0,-7.79206838387678e-05,-4.165527080567508e-06,0.11458949241925184,-0.0028722047286718617,0.028935145070787222,0.0,440.86775133155044,443.25157938943727,441.066102608817,440.8288938415556
0.12000000000000001,-2.986213279781846e-05,-2.384555832447879e-06,10.015883230405231,6.282617139860921,0.002496803049989005,0.0,-0.0010858113720488777,-0.00010923872297252759,0.30022522231306714,-0.023358008797801675,0.031021306894921812,0.0,463.2859721954456,463.45017445087547,464.04275089039237,462.43222566400226
0.18,-0.00016069917722822506,-2.749832863605448e-05,10.039384926542963,6.281664265300389,0.00423743402005794,0.0,-0.0034814596773918324,-0.0008588162551768969,0.4831038306809706,-0.004038720395462484,0.0246515064344375,0.0,462.560513368575,462.0589092335812,462.0717490561782,463.59206934305104
0.23999999999999996,-0.0004779332378835335,-0.00011597343054581304,10.074706959483752,6.28187418570695,0.005278570486807688,0.0,-0.007250006477968087,-0.0020883767351202393,0.6941918500643738,0.015419194075943905,-0.004165747008015353,0.0,472.42567874718236,470.1987404916448,470.14873004348425,471.6536408562687
0.3,-0.0010383329890508992,-0.00026798671138812436,10.122570092625187,6.283177871651908,0.0044901348299895005,0.0,-0.011384418702055749,-0.002844550416730301,0.9011059174234959,0.03204220096635067,-0.044949662145472774,0.0,471.6595497984325,468.4995829081598,469.52004589821337,470.8077481070253
0.36000000000000004,-0.0018183984873731355,-0.00043028627945749945,10.18330638490452,0.0016579801225615753,0.0016501220157731922,0.0,-0.014285160961800483,-0.002347933701728782,1.123246531233217,0.01740156251780452,-0.05258554317109518,0.0,475.1029493861308,474.515999852568,475.57497509473836,474.452529913577
0.4200000000000001,-0.002696036365287158,-0.0005352749033662909,10.252369762830762,0.002829559013520111,6.281516768398735,0.0,-0.01466114279301381,-0.0010457848834624795,1.178810158229164,0.0234687260685393,-0.061408232322188956,0.0,424.551953198703,423.7921164267403,423.2696704516335,423.7914178447743
0.48000000000000015,-0.0035267217489883223,-0.0005327439797346287,10.32654108675265,0.004319837397672721,6.2783192984372,0.0,-0.012673988834397019,0.0012808573139606988,1.2934429294450656,0.027444408288058574,-0.04065248911523578,0.0,442.240672833551,443.94479702047755,442.57248158855305,442.8996500737467
0.5400000000000001,-0.0041435601507045375,-0.00033057894024390416,10.413483542842757,0.006299856361166256,6.275787406251775,0.0,-0.007558546487766876,0.005700144180731389,1.604253219448497,0.042276916208459234,-0.04548320806544351,0.0,500.3464427114702,499.9939107861749,501.20021678754495,502.27723550672954
0.6000000000000002,-0.0044078171990188505,0.00017439224702590398,10.516047905833348,0.009342403195655713,6.273196220387536,0.0,-0.0009382820178370469,0.011464547089676591,1.814244770776779,0.06373243251830651,-0.03894984564852523,0.0,471.68973808748126,472.1930452336755,473.1899325625317,474.8399820329555
0.6600000000000003,-0.004250261721375917,0.0010685091745655869,10.627765910826044,0.013158973981200361,6.2708827161928475,0.0,0.006424067363468913,0.018724734166755068,1.9095275675557122,0.0633626521803342,-0.03778698287529987,0.0,438.290240816399,438.3861189751358,438.9695623199855,438.9418821605099
0.7200000000000003,-0.0036063683776796484,0.0024734412350471873,10.744986885726654,0.01680198518528986,6.2685046023252085,0.0,0.015269707957046158,0.028477941823570867,1.9976795651015833,0.054819612666797184,-0.04361362100630163,0.0,436.9389231570422,436.4520898678068,437.1274403545624,436.4176701833321
0.7800000000000004,-0.002400328333577341,0.004514754884867733,10.866297572505252,0.019841479475832813,6.265851923401037,0.0,0.025178903095920645,0.03986436776556323,2.045915049192065,0.040670562510789175,-0.045433947865637064,0.0,424.7708553360802,424.6135197941518,424.2706004932255,423.05585113513365
0.8400000000000004,-0.0004507619737104463,0.007405816683848971,10.99599582842501,0.02201825776312205,6.263248821931265,0.0,0.040122053048419926,0.05677793515923039,2.2769170316932166,0.02560976659857931,-0.03957442620102727,0.0,480.37337503658364,480.81656913787754,481.2413674880139,480.1005523348722
0.9000000000000005,0.00243145669944305,0.011333189686748046,11.138257749312045,0.024145495227256397,6.261012378561908,0.0,0.05620874421963605,0.07434206520332466,2.4647497925575266,0.050129037700734416,-0.03303113936438952,0.0,468.06572560866533,468.5740688697363,468.4866974599185,470.389667429054
0.9600000000000005,0.0062871595473195045,0.016323017855295364,11.289907720305408,0.027171802816051027,6.258747612296737,0.0,0.07253057888075426,0.09229745402379999,2.5899591718040407,0.051050017216546624,-0.0494084464760806,0.0,451.8911731154048,450.5683828780752,450.20504404680844,450.28112720121834
1.0200000000000005,0.011072275192448038,0.0223416119621031,11.444974556276323,0.02984762631298299,6.2555506800027825,0.0,0.08723633128299592,0.10857244335309996,2.578944467092105,0.026792272111035166,-0.06244190898044746,0.0,407.8821443044731,406.71428365412186,407.9888591620654,405.8185242118481
1.0800000000000005,0.016853301485452426,0.029438105701778603,11.6013440914298,0.03189849497677333,6.251820010759879,0.0,0.10581707525390603,0.12815011879430238,2.6332313066372652,0.04591041294048299,-0.06165504733126673,0.0,428.5580059869637,428.62194116571607,428.3363214479759,429.9595856467216
1.1400000000000006,0.02391594393522713,0.03784918090223732,11.763926941180342,0.03530050901200443,6.24810358264298,0.0,0.12999974838953926,0.1525508946372649,2.7858091698412237,0.0724176495978283,-0.06251724352636609,0.0,460.02598031241587,459.9550883923456,459.0189488848183,461.11961670811945
1.2000000000000006,0.032524684631702355,0.04781909408228095,11.93601430958406,0.04021316659976204,6.244740684750928,0.0,0.15733732875840348,0.18028500114842533,2.94998828335198,0.09611003726694317,-0.04552204142181061,0.0,463.23083446165134,464.563255742194,463.86927250027696,465.73097430119924
1.2600000000000007,0.042800758627106784,0.059521696492612595,12.116787432790053,0.046361439497722756,6.241987087399865,0.0,0.18547527962524346,0.2104195634428444,3.0754080623866065,0.11284943799940336,-0.046646077630283736,0.0,453.13961338888987,453.04805342565817,453.2222954945171,454.57443537843506
1.3200000000000007,0.05469104411479282,0.07301635484871331,12.301902465219825,0.053272091516960884,6.239762995274948,0.0,0.21108679162793612,0.24001544987556211,3.0949923306338616,0.119464891427136,-0.022696414121915552,0.0,419.30511970015795,421.3797691613584,420.30679547999483,420.8924000251999
1.3800000000000008,0.0683713887932323,0.0886898142490616,12.493159157607982,0.06238950926461939,6.238891970584742,0.0,0.24502489586081277,0.2833749252423017,3.279647174426978,0.1831226663520277,-0.001798399253913949,0.0,471.3033194584305,472.9158486805948,470.21978885469827,475.1429793247143
1.4400000000000008,0.0837837571535057,0.10672467568974918,12.688286610430541,0.07329146849295043,6.238629171022074,0.0,0.26874028855985643,0.31866197935882695,3.224688140755256,0.17869369440200097,-0.0101205877358021,0.0,396.59463159421085,395.82954402115246,397.00123042943346,396.63090194040956
1.5000000000000009,0.10077909522108587,0.1273111432717293,12.883552258433733,0.08460426832207446,6.237854231677561,0.0,0.2978272287574742,0.3686009608877104,3.283896224970516,0.20321574251943245,-0.01919128294672856,0.0,435.2061758488097,434.4463784049499,433.74806670045695,435.8373888058622
1.560000000000001,0.11944864630421238,0.1509522245395874,13.080440719303153,0.09626568982581674,6.237043292629524,0.0,0.32457292050733805,0.42047641813781417,3.2789499120406016,0.16361060007554515,-0.004070165293076333,0.0,414.2454002626853,415.5730874665183,415.3120586690583,411.86188459697456
1.620000000000001,0.14012457747425058,0.17872834148683736,13.285416007976725,0.10577320040765148,6.236586500497195,0.0,0.36462725241954563,0.5065465489845157,3.552592067737629,0.1454094750025951,-0.015857321919162077,0.0,500.5149120328423,499.6564285141806,500.6002961748602,499.2946505396441
1.680000000000001,0.16314337618701485,0.21173691876815026,13.50518599386358,0.11440849096835493,6.235547458314187,0.0,0.40274889153037896,0.5946960241772372,3.7722171120287205,0.1407698562374981,-0.020410022776314395,0.0,486.3933549342958,486.0523676968924,487.0006687019158,486.67085279086416
1.740000000000001,0.18841468402302367,0.25009531239301364,13.736847395460655,0.12245767819188202,6.234406684837943,0.0,0.43972978435731475,0.6847797091546101,3.9490718821253115,0.11570046405453852,-0.016355795516320406,0.0,476.3005512704496,476.61060050705174,475.9743410072453,474.0667375943104
1.8000000000000012,0.21597719091200118,0.29415565999189114,13.980054911553434,0.12946226549256146,6.233128557327079,0.0,0.47911027280431845,0.7846179516450958,4.156946856524516,0.11874907402747233,-0.03370070238089292,0.0,486.78224606698654,485.48249080116955,486.41849330023484,486.65766515940817
1.8600000000000012,0.2458613941139962,0.3441773006635974,14.234220781657555,0.13629924750136713,6.231225105582842,0.0,0.5172130504491744,0.8834525164200822,4.31449009104972,0.10203238065350387,-0.02803900730689828,0.0,473.4264879717671,473.86164895637165,473.6833504606695,472.4065491184129
1.9200000000000013,0.2778417475801771,0.3996713198651707,14.49343876365583,0.1419539443186144,6.229529263821972,0.0,0.548942182948162,0.9668570768687578,4.325926070772239,0.07028769790631868,-0.028717840863061294,0.0,429.2976535836639,429.2397976637813,430.39974699661474,427.7117647613574
1.9800000000000013,0.31168512619715283,0.46007668589438894,14.75202732505346,0.14663995341106162,6.22734573714456,0.0,0.579326974968666,1.0470235477563508,4.293695936266528,0.09035969290266398,-0.059771222706270444,0.0,415.5631535844209,412.83084333330675,414.7423774319114,416.5069524162873
2.0400000000000014,0.34757699156618643,0.5258480772175307,15.011873242588491,0.15156791205673503,6.223857226751928,0.0,0.6173963243875144,1.1458065612628388,4.367381147010553,0.055656950138582476,-0.05506868788984606,0.0,449.57906325881555,449.95765115400934,450.9250148251905,448.11758906918107
2.1000000000000014,0.38587219048982896,0.5977616308752014,15.276959375063258,0.15464535209795383,6.220787167403582,0.0,0.659406691480996,1.2515506739887803,4.468279397609181,0.040696534715571525,-0.044329312975106686,0.0,457.86804487411314,458.7201117051767,460.4125243394305,459.22879960620133
2.1600000000000015,0.42671321529555845,0.6759873552550216,15.547517993956367,0.15687347261367357,6.217814454789215,0.0,0.7022110866523047,1.3561213458490187,4.549879889320094,0.028844132108653005,-0.06282265826780728,0.0,455.021878076869,453.53722852238593,454.5608991294493,453.61059226125326
2.2200000000000015,0.4699967284916442,0.7600762378518413,15.820130985665797,0.15863176506635313,6.214123518783769,0.0,0.7408895963115815,1.4469608284625475,4.53715074705562,0.030210641796257157,-0.05902295817110948,0.0,425.2310258401313,425.55354276319053,423.9485186022575,424.06623321080093
2.2800000000000016,0.5158084816517213,0.8499683423943296,16.094014082268348,0.1605554067986228,6.210646693993265,0.0,0.7864811568998831,1.5495423604729284,4.59192422359362,0.03552479129638605,-0.055878601479165894,0.0,446.56397316031484,446.8181113371509,446.82224652531846,447.25568937736875
2.3400000000000016,0.5645466048288178,0.946320780660305,16.372847473192145,0.16359042093202092,6.207164187002331,0.0,0.8384342631721695,1.662361624214194,4.701893728213549,0.07049980560119483,-0.06276093114085451,0.0,465.09394391514473,464.5523443469953,463.5123838426734,466.2545588200022
2.4000000000000017,0.6165130616797092,1.049584218939032,16.658731138280753,0.16768086409774074,6.203080877941883,0.0,0.8941421507721042,1.7800523300741835,4.82680609286707,0.06306435442901515,-0.0815922419254575,0.0,471.94363337323875,470.4843790417857,470.5486242481238,469.97580497607345
2.4600000000000017,0.6720168380742952,1.1602004358844784,16.953338106264745,0.1713133227885848,6.19840541477566,0.0,0.9564486045501951,1.9073840893447849,4.992448553139478,0.05494758069075407,-0.07144993694214023,0.0,483.32645867790626,484.08600835815145,485.44966076313483,484.8423953438415
2.520000000000002,0.7311458195532164,1.2780964774953498,17.255371602212804,0.17426231253881497,6.1945036901842485,0.0,1.0148776873990006,2.022668997884271,5.074742669207674,0.03384960838427829,-0.0545671221013108,0.0,460.6467898084524,461.977057603596,462.0102438088586,460.34487875354
2.580000000000002,0.7936282466540593,1.4025158804060207,17.55982766244238,0.1772325812937705,6.191346652895579,0.0,1.0681352450267918,2.124806740539607,5.073614004019203,0.06994768361891564,-0.04897922989594448,0.0,435.49086770783896,435.95622668651265,434.5832573536846,437.60044362278336
2.640000000000002,0.859503481462273,1.5333874859863181,17.865727102031347,0.18147507833691634,6.188479013459791,0.0,1.1279401183598072,2.237867880315261,5.1225683286572155,0.07218690231999812,-0.04552377711985512,0.0,451.1192448869567,451.39687393093834,453.576612868618,453.76014994833895
2.700000000000002,0.9288781729111006,1.6708469581391887,18.173086248433588,0.18623860035060336,6.186106031369768,0.0,1.1847491264105607,2.3444408421745297,5.1224991385778695,0.09088213929072969,-0.029692842311398217,0.0,437.2762026694574,438.59235577440626,436.69187257298205,438.2538798939261
2.760000000000002,1.001639260477203,1.8146657061687692,18.479824797269174,0.19145163350882655,6.184593587568353,0.0,1.2407418594270767,2.4499108024652236,5.101967461317238,0.07737258624413572,-0.017480466331200657,0.0,430.77227274996085,431.8037752772622,432.2725244568396,431.13880452736817
2.820000000000002,1.0777050794252871,1.9647433745941756,18.784559269107763,0.19687352670990244,6.183606469082758,0.0,1.2948601982404002,2.5530518166784124,5.055829133383402,0.10834244640009086,-0.014470598073345171,0.0,422.99490422014856,423.25414695650056,421.9833770180241,424.65574348441885
2.880000000000002,1.1568584230388976,2.120753511209583,19.0848179886018,0.20305731793732473,6.1824706510535705,0.0,1.343673402624767,2.64775951835182,4.953022950804773,0.08958200003357243,-0.029809505054583536,0.0,404.3852111637973,403.0008042723382,404.38916122524853,402.7055868580069
2.940000000000002,1.2392869014056733,2.283182228611642,19.38207907505987,0.2084655594023168,6.1804080277743,0.0,1.4040769827379866,2.7669030864438104,4.955379996518535,0.09122480490647021,-0.04558327697557078,0.0,439.4176537296399,438.1072918946576,439.20263971665145,439.345792930829
3.000000000000002,1.3252067031926993,2.4525015513013706,19.67785249111029,0.21361705948649057,6.177408405741055,0.0,1.4601385601696608,2.877444770155846,4.903684680526333,0.07207931127037753,-0.06072032386130295,0.0,422.0148309546596,420.7041718116526,422.68941754956705,421.04230114421154
3.0600000000000023,1.4152007783360538,2.6298361465266686,19.97655317645039,0.21808489655718066,6.1734329030867965,0.0,1.5399687303330025,3.0339063787880756,5.051937692699085,0.07884880798385285,-0.0806316911580623,0.0,484.9834997578345,483.48241252342996,486.18916790645613,486.69996508475424
3.1200000000000023,1.5095126727318566,2.8155400062694684,20.279166187990416,0.22256211025151362,6.168928962181518,0.0,1.6041343454977084,3.15649926275115,5.034905936119154,0.06443790395920965,-0.06577802349312468,0.0,435.31418872823065,436.55096544665054,436.1681718741905,434.96715926852585
3.1800000000000024,1.6076387209634355,3.0084477098702016,20.579817576611816,0.22628423967437072,6.164418312278258,0.0,1.667052064817706,3.27397490575387,4.9867340612805595,0.05673909665286264,-0.11099741981974681,0.0,428.41869155005134,424.5498823061833,425.4985347732616,424.8417397760176
3.2400000000000024,1.7096290740008222,3.2084595948016803,20.877627760888075,0.22987499563429914,6.157557400771411,0.0,1.7331681214294288,3.3932626049850416,4.940149247504959,0.06542792241118542,-0.12206453889232205,0.0,427.1623838275314,426.20502556366836,426.101771837644,426.8467419888298
3.3000000000000025,1.815362868762437,3.4150630344567907,21.1700464620504,0.2334838423907435,6.149961555393556,0.0,1.7918473852888332,3.493761626555658,4.807440734425457,0.046655218563717925,-0.1376858081165972,0.0,396.74336312846924,395.28916437596314,397.8693439889105,396.1494347413362
3.3600000000000025,1.9253131852220609,3.6287312555494484,21.45872054278902,0.2370942082326799,6.142501104093981,0.0,1.8738105072771676,3.6286061689625484,4.814584962920096,0.07866199934107683,-0.10602585231845764,0.0,442.4605432549277,445.0450805065953,443.40372106319097,446.0282298366719
3.4200000000000026,2.040292525871845,3.8505076617582277,21.74767849650502,0.24198565828715068,6.1358247285558125,0.0,1.9593531169843854,3.7641680195874296,4.816882149267525,0.08670591153587238,-0.1246446370263243,0.0,444.52569753962456,442.98580739288536,443.23526393244265,443.9013412833719
3.4800000000000026,2.1605481388605248,4.080517389866791,22.03688508495373,0.24750068491092314,6.128458186780769,0.0,2.0497650227853805,3.903081216401195,4.8227943907188715,0.10070067202443293,-0.11928112544752012,0.0,444.7807315152963,445.2062178820016,446.2830686133153,447.4310881723066
3.5400000000000027,2.2866244986663067,4.31935304305345,22.328045069482492,0.2538304761286909,6.121066760495404,0.0,2.1533675657203535,4.058401517901537,4.88164552009212,0.11367760722539903,-0.13244409846628216,0.0,465.06591938516436,464.0204069928345,463.32165379276796,464.35010988973545
3.6000000000000028,2.4193283545550988,4.568011475170486,22.62423928036102,0.2609712068096304,6.112897056048109,0.0,2.2707616681348837,4.230538335073864,4.990221632635265,0.1279699419114631,-0.14487560380257872,0.0,481.8258163056948,480.8691738127003,481.27002241335464,482.3621893692238
3.660000000000003,2.5585628838620957,4.826093675680614,22.92305750266032,0.26892805916737395,6.103983016781633,0.0,2.3710707922539553,4.37262900620844,4.969777286299395,0.1405704979462141,-0.1572079981832324,0.0,443.72290232027467,442.68815984798425,442.68647447783604,443.7384416669524
3.720000000000003,2.7037179046903064,5.0924405102731765,23.219259130623538,0.2769224469875393,6.09450576583027,0.0,2.4681405747835607,4.5060575897359,4.9032148524161965,0.11160983666488213,-0.15948786291663752,0.0,428.6021461889286,428.3836097248918,430.71120151890614,428.2707957231021
3.780000000000003,2.855224466073944,5.367421100028265,23.51330002157964,0.2843828009978502,6.084891884880179,0.0,2.5828164227451857,4.660273487512306,4.897385123043081,0.14205411812975216,-0.16175929482534995,0.0,449.10319554029905,448.894763046638,450.5777891874476,453.0460744167942
3.840000000000003,3.0141572938504684,5.652278495256741,23.80870793682118,0.29266292038716557,6.075145054518998,0.0,2.7156940042635362,4.83534063948,4.948322158119061,0.1283409641772824,-0.16385773295440295,0.0,470.5657539297789,470.3797172779117,471.2242151795497,470.17911240529503
3.900000000000003,3.181432882168546,5.9480044943425625,24.107909709817132,0.30034239554806597,6.065250947837143,0.0,2.860908078731221,5.02243598085127,5.023654812744518,0.12728324222252052,-0.16707308114395505,0.0,481.1088824146835,480.8416212595943,480.79946731076944,480.73291194412303
3.960000000000003,3.355469773598688,6.252205380609258,24.40235684919959,0.30783958176733606,6.0553685265807715,0.0,2.941008169425862,5.118040559221022,4.791800206307256,0.11983572254467015,-0.16035699080130508,0.0,375.80339809045074,376.42273103582505,376.35827501387104,375.65379621380885
4.020000000000002,3.536883474596699,6.565398546505142,24.692921475946616,0.31509106847102064,6.04595716158784,0.0,3.1067853924841224,5.321841813639743,4.892051121533025,0.12282640751814157,-0.15064819642343946,0.0,490.5014505196252,491.20127405927707,490.876471922892,491.1100564137637
4.080000000000001,3.72768817537576,6.889967008681863,24.986497255668635,0.3230723113448777,6.036762438725546,0.0,3.253977811552762,5.497324483456362,4.892753893782626,0.1480776808845176,-0.15901617990859995,0.0,463.57594343915287,462.89658696027794,461.0699957164555,463.0762698928013
4.14,3.9260810271493276,7.223393242928604,25.27478048570599,0.3317632531728254,6.027053251641927,0.0,3.3597694308629227,5.617313274731179,4.716737573181513,0.13746094025620473,-0.1681075363097539,0.0,402.6091775503898,401.75746407879495,403.73500246804286,402.7975607680207
4.199999999999998,4.132349762046079,7.565830364119994,25.557506500624,0.33980599670683365,6.016405256528747,0.0,3.516519657559608,5.797444132304869,4.706337342192756,0.12615913292734376,-0.2127378995040542,0.0,463.313751705466,459.75918503874385,462.18183444343515,461.3057521429097
4.259999999999997,4.347316046721357,7.918065605405916,25.836449356784172,0.3476587761141907,6.004985219872209,0.0,3.6498149506412445,5.943950781612582,4.591284498195634,0.13894849698394154,-0.16476090487927159,0.0,425.1981009927728,429.2502857497859,428.00770128012994,429.1113906123853
4.319999999999996,4.571621862649645,8.28056326676499,26.112304840677005,0.3557893689553726,5.99495582846316,0.0,3.8276251641164465,6.1393982715699735,4.602511198624231,0.12756029983047665,-0.1724308643014038,0.0,473.00358488972,472.3874317665743,473.110436888403,472.2482607165403
4.379999999999995,4.804674580280729,8.652410818034552,26.38215349011181,0.3635050487217555,5.985248407815465,0.0,3.9414543352523634,6.255831489045891,4.39262887744633,0.1305850100503995,-0.14624670787151559,0.0,395.06106361309475,397.4397937143577,396.04067839856157,396.33619230021924
4.439999999999993,5.0460883845161595,9.032932077166626,26.643698708047207,0.3711860851870643,5.976667079592236,0.0,4.106133145379486,6.428312360092684,4.324707459570523,0.12231804515498315,-0.13725399991951656,0.0,447.99731912997123,448.7091951129904,449.49963387415926,448.8437481254564
4.499999999999992,5.298760103838728,9.425292150086829,26.90477253906744,0.37824018813555416,5.968152633321701,0.0,4.316564448367625,6.650191677865386,4.37604041133717,0.10580786726999186,-0.15336468152561963,0.0,491.3759228456035,490.16295304584577,491.6232879573676,490.4089716587882
4.559999999999991,5.56286954335122,9.829503001486238,27.165023485915373,0.38480685397019343,5.959014203206831,0.0,4.487552233531036,6.823443087554371,4.298183460684657,0.11586823716662466,-0.1502743332349325,0.0,450.58438116330206,450.8127090738831,450.9023586629402,451.7249182436537
4.6199999999999894,5.83710192544076,10.243844093253358,27.41981089837545,0.391202879821023,5.949776148781929,0.0,4.653988789523379,6.987910538511255,4.194061369518839,0.07219058503843775,-0.16261197617130252,0.0,444.18692362694554,443.1510685323115,445.25544185854216,441.67563236507056
4.679999999999988,6.122268931725772,10.668966665184133,27.670480952069944,0.39557911669427526,5.9400350072087775,0.0,4.852014765795977,7.182436964633469,4.160482542387675,0.07438956806393682,-0.16183880463448136,0.0,468.98739448886533,469.0238831333411,470.8276211808658,471.0015624042828
4.739999999999987,6.419840930590053,11.106148069341733,27.920031167065588,0.40006425057924133,5.930054018022414,0.0,5.067424963619431,7.389768878919197,4.156442789083885,0.07546746891429461,-0.17736677550575716,0.0,483.27977843657754,482.0833170562856,482.50979645843734,482.5950777897408
4.799999999999986,6.729292485242624,11.554481020637848,28.1662583072898,0.40464313157205556,5.91946600645754,0.0,5.248148018459407,7.5543665647619616,4.0504250547000735,0.07795651243974457,-0.1747276713788794,0.0,450.5349802467292,450.71884181266034,449.842775248299,450.04886627524854
4.859999999999984,7.048623206175495,12.011530257904031,28.40342168024989,0.4090859438555201,5.909534114213402,0.0,5.396787076844416,7.680525358801339,3.8550143867708515,0.0647873267843184,-0.1516131791697561,0.0,416.75250239769935,418.74014323687277,419.31326071418465,418.1718159274107
4.919999999999983,7.378177029675228,12.477336609604414,28.63164410588208,0.4130399984913211,5.900488513753242,0.0,5.588690146175179,7.845973220592564,3.7517168846887503,0.06803890549417167,-0.14910804952727377,0.0,452.72777872113966,452.9084414742393,453.29023691345634,453.5546665512925
4.979999999999982,7.719992802561029,12.953668480557107,28.85506864987826,0.41672594124197104,5.891092129900247,0.0,5.805410780357248,8.031215848535885,3.6946776998410176,0.04300345756721039,-0.17904547605313761,0.0,472.03951362443183,469.70025698513655,472.9025925102805,470.97192117218634
5.0399999999999805,8.074648031967506,13.440776636965309,29.074361302198334,0.41980900567669543,5.880333266165518,0.0,6.016822966543108,8.205101903532215,3.6141249820341574,0.06434560427120334,-0.17985690897164455,0.0,466.0407602246836,465.9478901136124,464.41390191025073,466.086939577078
